0000000000000000 0000000000000000 1010011000000000 1
0000000000000000 0000000000000000 1010011011001000 1
0000000000000000 0000000000000000 1010011110010000 1
0000000000000000 0000000000000000 1010100001011000 1
0000000000000000 0000000000000000 1010100100100000 1
0000000000000000 0000000000000000 1010100111101000 1
0000000000000000 0000000000000000 1010101010110000 1
0000000000000000 0000000000000000 1010101101111000 1
0000000000000000 0000000000000000 1010110001000000 1
0000000000000000 0000000000000000 1010110100001000 1
0000000000000000 0000000000000000 1010110111010000 1
0000000000000000 0000000000000000 1010111010011000 1
0000000000000000 0000000000000000 1010111101100000 1
0000000000000000 0000000000000000 1011000000101000 1
0000000000000000 0000000000000000 1011000011110000 1
0000000000000000 0000000000000000 1011000110111000 1
0000000000000000 0000000000000000 1011001010000000 1
0000000000000000 0000000000000000 1011001101001000 1
0000000000000000 0000000000000000 1011010000010000 1
0000000000000000 0000000000000000 1011010011011000 1
0000000000000000 0000000000000000 1011010110100000 1
0000000000000000 0000000000000000 1011011001101000 1
0000000000000000 0000000000000000 1011011100110000 1
0000000000000000 0000000000000000 1011011111111000 1
0000000000000000 0000000000000000 1011100011000000 1
0000000000000000 0000000000000000 1011100110001000 1
0000000000000000 0000000000000000 1011101001010000 1
0000000000000000 0000000000000000 1011101100011000 1
0000000000000000 0000000000000000 1011101111100000 1
0000000000000000 0000000000000000 1011110010101000 1
0000000000000000 0000000000000000 1011110101110000 1
0000000000000000 0000000000000000 1011111000111000 1
0000000000000000 0000000000000000 1011111100000000 1
0000000000000000 0000000000000000 1011111111001000 1
0000000000000000 0000000000000000 1100000010010000 1
0000000000000000 0000000000000000 1100000101011000 1
0000000000000000 0000000000000000 1100001000100000 1
0000000000000000 0000000000000000 1100001011101000 1
0000000000000000 0000000000000000 1100001110110000 1
0000000000000000 0000000000000000 1100010001111000 1
0000000000000000 0000000000000000 1100010101000000 1
0000000000000000 0000000000000000 1100011000001000 1
0000000000000000 0000000000000000 1100011011010000 1
0000000000000000 0000000000000000 1100011110011000 1
0000000000000000 0000000000000000 1100100001100000 1
0000000000000000 0000000000000000 1100100100101000 1
0000000000000000 0000000000000000 1100100111110000 1
0000000000000000 0000000000000000 1100101010111000 1
0000000000000000 0000000000000000 1100101110000000 1
0000000000000000 0000000000000000 1100110001001000 1
0000000000000000 0000000000000000 1100110100010000 1
0000000000000000 0000000000000000 1100110111011000 1
0000000000000000 0000000000000000 1100111010100000 1
0000000000000000 0000000000000000 1100111101101000 1
0000000000000000 0000000000000000 1101000000110000 1
0000000000000000 0000000000000000 1101000011111000 1
0000000000000000 0000000000000000 1101000111000000 1
0000000000000000 0000000000000000 1101001010001000 1
0000000000000000 0000000000000000 1101001101010000 1
0000000000000000 0000000000000000 1101010000011000 1
0000000000000000 0000000000000000 1101010011100000 1
0000000000000000 0000000000000000 1101010110101000 1
0000000000000000 0000000000000000 1101011001110000 1
0000000000000000 0000000000000000 1101011100111000 1
0000000000000000 0000000000000000 1101100000000000 1
0000000000000000 0000000000000000 1101100011001000 1
0000000000000000 0000000000000000 1101100110010000 1
0000000000000000 0000000000000000 1101101001011000 1
0000000000000000 0000000000000000 1101101100100000 1
0000000000000000 0000000000000000 1101101111101000 1
0000000000000000 0000000000000000 1101110010110000 1
0000000000000000 0000000000000000 1101110101111000 1
0000000000000000 0000000000000000 1101111001000000 1
0000000000000000 0000000000000000 1101111100001000 1
0000000000000000 0000000000000000 1101111111010000 1
0000000000000000 0000000000000000 1110000010011000 1
0000000000000000 0000000000000000 1110000101100000 1
0000000000000000 0000000000000000 1110001000101000 1
0000000000000000 0000000000000000 1110001011110000 1
0000000000000000 0000000000000000 1110001110111000 1
0000000000000000 0000000000000000 1110010010000000 1
0000000000000000 0000000000000000 1110010101001000 1
0000000000000000 0000000000000000 1110011000010000 1
0000000000000000 0000000000000000 1110011011011000 1
0000000000000000 0000000000000000 1110011110100000 1
0000000000000000 0000000000000000 1110100001101000 1
0000000000000000 0000000000000000 1110100100110000 1
0000000000000000 0000000000000000 1110100111111000 1
0000000000000000 0000000000000000 1110101011000000 1
0000000000000000 0000000000000000 1110101110001000 1
0000000000000000 0000000000000000 1110110001010000 1
0000000000000000 0000000000000000 1110110100011000 1
0000000000000000 0000000000000000 1110110111100000 1
0000000000000000 0000000000000000 1110111010101000 1
0000000000000000 0000000000000000 1110111101110000 1
0000000000000000 0000000000000000 1111000000111000 1
0000000000000000 0000000000000000 1111000100000000 1
0000000000000000 0000000000000000 1111000111001000 1
0000000000000000 0000000000000000 1111001010010000 1
0000000000000000 0000000000000000 1111001101011000 1
0000000000000000 0000000000000000 1111010000100000 1
0000000000000000 0000000000000000 1111010011101000 1
0000000000000000 0000000000000000 1111010110110000 1
0000000000000000 0000000000000000 1111011001111000 1
0000000000000000 0000000000000000 1111011101000000 1
0000000000000000 0000000000000000 1111100000001000 1
0000000000000000 0000000000000000 1111100011010000 1
0000000000000000 0000000000000000 1111100110011000 1
0000000000000000 0000000000000000 1111101001100000 1
0000000000000000 0000000000000000 1111101100101000 1
0000000000000000 0000000000000000 1111101111110000 1
0000000000000000 0000000000000000 1111110010111000 1
0000000000000000 0000000000000000 1111110110000000 1
0000000000000000 0000000000000000 1111111001001000 1
0000000000000000 0000000000000000 1111111100010000 1
0000000000000000 0000000000000000 1111111111011000 1
0000000000000000 0000000000000000 0000000010100000 1
0000000000000000 0000000000000000 0000000101101000 1
0000000000000000 0000000000000000 0000001000110000 1
0000000000000000 0000000000000000 0000001011111000 1
0000000000000000 0000000000000000 0000001111000000 1
0000000000000000 0000000000000000 0000010010001000 1
0000000000000000 0000000000000000 0000010101010000 1
0000000000000000 0000000000000000 0000011000011000 1
0000000000000000 0000000000000000 0000011011100000 1
0000000000000000 0000000000000000 0000011110101000 1
0000000000000000 0000000000000000 0000100001110000 1
0000000000000000 0000000000000000 0000100100111000 1
0000000000000000 0000000000000000 0000101000000000 1
0000000000000000 0000000000000000 0000101011001000 1
0000000000000000 0000000000000000 0000101110010000 1
0000000000000000 0000000000000000 0000110001011000 1
0000000000000000 0000000000000000 0000110100100000 1
0000000000000000 0000000000000000 0000110111101000 1
0000000000000000 0000000000000000 0000111010110000 1
0000000000000000 0000000000000000 0000111101111000 1
0000000000000000 0000000000000000 0001000001000000 1
0000000000000000 0000000000000000 0001000100001000 1
0000000000000000 0000000000000000 0001000111010000 1
0000000000000000 0000000000000000 0001001010011000 1
0000000000000000 0000000000000000 0001001101100000 1
0000000000000000 0000000000000000 0001010000101000 1
0000000000000000 0000000000000000 0001010011110000 1
0000000000000000 0000000000000000 0001010110111000 1
0000000000000000 0000000000000000 0001011010000000 1
0000000000000000 0000000000000000 0001011101001000 1
0000000000000000 0000000000000000 0001100000010000 1
0000000000000000 0000000000000000 0001100011011000 1
0000000000000000 0000000000000000 0001100110100000 1
0000000000000000 0000000000000000 0001101001101000 1
0000000000000000 0000000000000000 0001101100110000 1
0000000000000000 0000000000000000 0001101111111000 1
0000000000000000 0000000000000000 0001110011000000 1
0000000000000000 0000000000000000 0001110110001000 1
0000000000000000 0000000000000000 0001111001010000 1
0000000000000000 0000000000000000 0001111100011000 1
0000000000000000 0000000000000000 0001111111100000 1
0000000000000000 0000000000000000 0010000010101000 1
0000000000000000 0000000000000000 0010000101110000 1
0000000000000000 0000000000000000 0010001000111000 1
0000000000000000 0000000000000000 0010001100000000 1
0000000000000000 0000000000000000 0010001111001000 1
0000000000000000 0000000000000000 0010010010010000 1
0000000000000000 0000000000000000 0010010101011000 1
0000000000000000 0000000000000000 0010011000100000 1
0000000000000000 0000000000000000 0010011011101000 1
0000000000000000 0000000000000000 0010011110110000 1
0000000000000000 0000000000000000 0010100001111000 1
0000000000000000 0000000000000000 0010100101000000 1
0000000000000000 0000000000000000 0010101000001000 1
0000000000000000 0000000000000000 0010101011010000 1
0000000000000000 0000000000000000 0010101110011000 1
0000000000000000 0000000000000000 0010110001100000 1
0000000000000000 0000000000000000 0010110100101000 1
0000000000000000 0000000000000000 0010110111110000 1
0000000000000000 0000000000000000 0010111010111000 1
0000000000000000 0000000000000000 0010111110000000 1
0000000000000000 0000000000000000 0011000001001000 1
0000000000000000 0000000000000000 0011000100010000 1
0000000000000000 0000000000000000 0011000111011000 1
0000000000000000 0000000000000000 0011001010100000 1
0000000000000000 0000000000000000 0011001101101000 1
0000000000000000 0000000000000000 0011010000110000 1
0000000000000000 0000000000000000 0011010011111000 1
0000000000000000 0000000000000000 0011010111000000 1
0000000000000000 0000000000000000 0011011010001000 1
0000000000000000 0000000000000000 0011011101010000 1
0000000000000000 0000000000000000 0011100000011000 1
0000000000000000 0000000000000000 0011100011100000 1
0000000000000000 0000000000000000 0011100110101000 1
0000000000000000 0000000000000000 0011101001110000 1
0000000000000000 0000000000000000 0011101100111000 1
0000000000000000 0000000000000000 0011110000000000 1
0000000000000000 0000000000000000 0011110011001000 1
0000000000000000 0000000000000000 0011110110010000 1
0000000000000000 0000000000000000 0011111001011000 1
0000000000000000 0000000000000000 0011111100100000 1
0000000000000000 0000000000000000 0011111111101000 1
0000000000000000 0000000000000000 0100000010110000 1
0000000000000000 0000000000000000 0100000101111000 1
0000000000000000 0000000000000000 0100001001000000 1
0000000000000000 0000000000000000 0100001100001000 1
0000000000000000 0000000000000000 0100001111010000 1
0000000000000000 0000000000000000 0100010010011000 1
0000000000000000 0000000000000000 0100010101100000 1
0000000000000000 0000000000000000 0100011000101000 1
0000000000000000 0000000000000000 0100011011110000 1
0000000000000000 0000000000000000 0100011110111000 1
0000000000000000 0000000000000000 0100100010000000 1
0000000000000000 0000000000000000 0100100101001000 1
0000000000000000 0000000000000000 0100101000010000 1
0000000000000000 0000000000000000 0100101011011000 1
0000000000000000 0000000000000000 0100101110100000 1
0000000000000000 0000000000000000 0100110001101000 1
0000000000000000 0000000000000000 0100110100110000 1
0000000000000000 0000000000000000 0100110111111000 1
0000000000000000 0000000000000000 0100111011000000 1
0000000000000000 0000000000000000 0100111110001000 1
0000000000000000 0000000000000000 0101000001010000 1
0000000000000000 0000000000000000 0101000100011000 1
0000000000000000 0000000000000000 0101000111100000 1
0000000000000000 0000000000000000 0101001010101000 1
0000000000000000 0000000000000000 0101001101110000 1
0000000000000000 0000000000000000 0101010000111000 1
0000000000000000 0000000000000000 0101010100000000 1
0000000000000000 0000000000000000 0101010111001000 1
0000000000000000 0000000000000000 0101011010010000 1
0000000000000000 0000000000000000 0101011101011000 1
0000000000000000 0000000000000000 0101100000100000 1
0000000000000000 0000000000000000 0101100011101000 1
0000000000000000 0000000000000000 0101100110110000 1
